200 : Mutex
183727
185727
183069
181005
179985
177778
175779
173441
171477
171121
170120
170758
171492
173743
175515
177304
178151
180239
181593
184037
184392
183895
183938
182903
182094
181430
180709
180250
179776
179436
179826
180438
182021
183177
183568
183747
183669
183672
182708
183349
182858
181715
181340
181082
181393
181394
179532
178191
177926
177757
178072
177706
178025
178720
179008
178563
176970
177391
177878
178428
178664
179110
180471
181176
181268
180732
181116
182148
183146
183519
183973
183716
182316
182431
181286
180748
179816
180569
179085
179504
179231
179975
180638
180691
181286
181805
181953
182346
180360
178467
178121
176534
175904
175416
174629
173535
172887
172660
173129
175338
177133
178925
180176
181524
182169
182583
183904
185878
186978
186349
184619
184102

200 : Lockfree (channels, flume)
180742
181595
182639
183102
184625
184879
184901
184206
182477
181818
180971
183051
183807
183462
182910
183027
182179
182329
182253
182677
184620
184892
185407
183242
182714
181697
181572
181668
181826
182071
182467
182539
182637
183828
184747
187343
187565
188527
186762
188270
189622
188633
187166
186866
185259
184617
183142
182259

300 : Lockfree channels flume
149715
150128
150956
151454
152606
155366
157903
162440
164669
166777
170162
171027
171631
173748
176208
175907
174713
174363
171152
170646
172552
171275
171741
174168
174849
172423
172517
173202
172364
174633
175543
173414
173354
173021
170055
168183
167500
167782
166769
168802
167869
166929
166292
165753
165229
165214
165018
165506
165365
164964
163850
163565
163496
163734
164524
164922
163766
162033
161205
160977
161356
161085
161173
161967
161833
160418
159257
160293
161434
161679
160882
160294
160461
160727
159802
160503
162757
165310
167860
168277
168697
171219
174596
174668
174728
175192
175290
174435
172294
170017
169632
169895
169154
167237
165896
165885
