63215
63178
63057
63540
64619
65498
64084
63091
62204
61906
62498
62206
62041
62396
63109
63978
64715
64699
64913
65650
66111
66493
66601
67593
66709
66411
66222
66208
66212
66434
66121
66167
67054
67214
68176
67931
68256
67419
67748
65906
63558
63388
62510
62247
62402
62561
63150
64769
66696
66990
67843
67889
68011
68256
68358
68728
68976
69248
69021
68878
68959
68321
67557
67810
67943
68045
68014
68788
68899
69354
69947
69463
68692
68356
67997
67022
66325
65807
65550
64823
63398
63624
63447
64392
64368
64712
64697
66143
68068
68360
68624
68882
69268
69548
69555
69624
69786
69514
69353
68994
