69261
68390
68210
68407
67743
67924
68370
68383
68131
68786
69192
68794
68891
67613
67335
67263
66892
66744
67012
67293
67802
67764
68353
69574
70006
69666
70267
69736
69601
69240
69733
69255
69378
69520
69746
70438
71492
71192
70167
70180
70459
70745
70141
70546
69759
69544
70251
69591
68885
68788
68379
68190
68682
69026
69126
68443
68191
68270
68576
68979
69319
69047
69445
70676
71556
72088
71892
71872
71890
71994
71723
70812
69900
70010
70260
70915
69514
68863
69137
69166
68979
68903
68686
68464
69079
68982
68620
69187
69777
69576
69829
69413
69850
69285
69035
68624
68476
68816
69011
68155
