69305
70410
71198
71749
72081
72332
72212
72214
72237
71424
71956
70586
70701
70181
70371
70336
69935
68612
68748
68054
67688
67142
67353
66584
66629
66449
67117
67808
67543
67230
66744
66679
66593
66007
66592
66371
66991
66870
66790
67332
67231
66758
66230
66421
66697
67408
66977
66253
66492
66541
66886
66009
65833
67142
68404
68881
69658
69766
69842
69983
69623
69419
69858
69007
69901
70369
70446
71329
72410
72436
72437
71860
72227
72345
72470
72019
71473
71450
71769
71835
71828
71076
70479
70526
69202
69913
69235
68732
68923
69512
70086
70696
71331
71050
70644
70459
70498
70636
71038
70662
