48754
52110
54296
53859
54081
54167
54747
55928
56398
55617
55355
54972
55243
54488
54858
54583
54303
54469
54358
54196
54244
54972
55060
54625
55341
55262
55333
55557
55669
55817
55453
55536
55191
54260
52080
49845
48962
48390
47848
47400
47514
47219
47447
47896
49098
51881
53689
54243
54915
55656
56618
56927
57409
57268
56588
56688
56022
55725
55734
55965
55034
54445
54599
54402
54659
55130
55495
55828
56284
55740
56162
54812
52710
52376
51959
51876
51833
51401
51427
51540
51654
51999
53538
55265
55466
55093
55104
55284
55291
55249
55640
55769
55658
55616
55626
55319
55817
55785
55424
55817
