44524
43815
43097
42865
43227
44765
45397
45346
45382
45639
45623
44963
44596
45227
45734
46172
46124
46035
45870
46653
46970
46729
46284
45736
44162
42369
42285
42035
41634
41591
41636
42676
44042
45653
45641
45918
45527
45436
44710
44251
44173
44219
43880
42866
43185
43570
43814
43477
43763
43376
43327
44331
44749
44710
45129
45615
45676
46194
46195
46448
46686
46346
45961
45422
45260
44861
44684
44014
42996
42333
42288
42022
41544
38766
38431
38984
39399
40143
40305
40678
41451
43640
44074
43915
43513
43239
43058
43357
43437
43974
44201
44499
45656
45964
45992
45912
45444
44962
42236
40626
