50819
51222
51543
51399
51079
51438
50902
49578
46772
46390
46070
45723
45462
45365
45289
45568
47216
49343
50060
49950
50330
50508
50268
50433
50478
49063
48406
47665
47173
46919
46396
46494
46200
45995
46814
47114
47211
47097
46889
47058
46816
46992
47056
47625
47922
48706
49380
49747
50311
50156
50758
50961
50791
50716
50327
50260
50284
50308
50455
50708
50465
51005
50698
50603
49712
46881
45600
45233
45208
44630
44662
44726
44921
46360
48890
50721
50662
50644
51114
50932
50426
50229
49731
49372
49229
49507
50117
50110
50277
50782
51426
51588
51667
51309
51045
49449
47445
46774
46642
44896
