115536
117384
118572
118875
118626
118248
116987
116180
115388
113642
113867
114491
113467
113041
112003
109277
105902
105492
102957
102177
101926
102429
103630
106779
110151
112027
114690
115352
115575
115568
115091
115139
114658
113825
113227
113788
114020
114090
114618
114649
115179
116204
116017
115325
115660
115649
116229
116168
115018
114981
114961
114797
114076
113975
114507
115621
115638
113132
109970
108450
109092
109613
109487
108688
110155
113724
114971
115621
113761
112674
111764
111243
110502
110338
111634
109762
110368
111042
112771
113759
114204
112977
114769
117207
117021
115908
115243
114546
114763
114217
112651
112092
112102
112532
111525
111502
111464
111405
110587
108851
