78016
78023
77998
77998
78328
78287
77874
77533
77479
77348
77319
77194
77016
77055
75062
72054
70264
69882
69582
69521
69558
69919
72445
75888
77362
77661
77990
78122
78251
78296
78120
78232
78286
78577
78545
78555
78522
78204
78267
78281
78142
78142
78136
77829
77570
77792
77548
77123
77316
77225
77122
77279
77601
77604
78116
78474
78165
77261
74940
71547
71363
71276
71137
71144
71409
72625
74874
77770
77614
77579
77648
77531
77598
77695
77997
78060
78520
78480
78476
78516
78527
78497
78315
78153
77989
77201
76583
76533
76333
76500
76641
76761
76841
77722
78346
78470
78574
77499
76013
74641
