109765
108631
105032
103273
102899
102646
102118
101626
99414
101164
101185
102014
101244
100936
100835
100539
99667
98812
98535
97716
96963
96335
95654
96616
96950
98412
98612
100178
101839
103568
104235
105705
104786
104821
105997
106361
106171
104168
103791
104221
104836
104902
103892
103493
105154
105163
105405
105547
106131
105927
105477
105071
104912
105103
105187
104413
102997
103723
103723
103760
102653
101452
101810
102464
101278
101350
100868
101456
102156
102474
102708
103541
104496
105231
104734
104492
103975
104128
104670
105218
104747
105200
105453
106597
106663
106638
106475
107092
107036
106803
106590
106507
107455
106948
106177
105238
105441
106485
106829
106219
