115286
115837
115712
116642
118286
119554
119134
116793
114916
114123
114346
114316
112454
111890
111927
113580
115014
116406
116447
117464
119331
120499
121210
122502
123213
122372
122349
122548
122104
122043
122276
121788
121196
121542
121619
121402
120375
119785
119553
117278
117492
117616
118162
117337
118450
117183
114412
113339
111822
110439
109437
110008
110132
111502
113928
116668
117557
118485
118999
119173
119330
118959
118508
117742
117818
116824
116167
116003
115598
116102
117108
118509
118100
119084
119808
121145
122564
123161
122977
122928
124114
123313
122694
119772
117247
115101
115097
113362
112880
113403
114642
116915
119936
122435
122969
124044
125312
123764
124309
122981
