99665
99075
99559
98601
103193
106680
105531
104033
102682
100808
99386
98756
98592
98570
97770
96658
96131
95081
94420
93666
93698
94568
96638
98262
100273
102516
103675
103539
103776
104732
104415
103687
104319
104726
104156
101490
98715
95996
95811
96237
95210
94936
96401
100974
101289
102901
101763
101122
100769
99710
99838
99991
100850
101196
102800
103668
104133
104289
103047
101872
100444
99570
99381
99049
98811
100016
100693
102378
103822
104856
105712
106746
107513
108144
107065
104622
102194
101548
100381
99794
97964
98132
100643
102266
101570
102213
102250
103615
104353
104014
104835
106336
107261
108093
107942
107724
106805
106822
107083
106439
