78378
78434
78519
78575
78619
78562
78639
78607
78367
78214
78025
77798
77722
77715
77607
77819
77939
78056
78157
78374
78428
78471
77648
75429
74352
74389
74372
74316
74317
74251
75395
77639
78356
78290
78304
78247
78221
77774
77560
77528
77366
77461
77460
77497
77542
78159
78025
77926
78167
78225
78227
78229
78258
78397
78524
78697
78377
78480
78409
78317
78290
78146
78251
78296
78561
78461
77768
76361
74391
74589
74582
74520
74652
74754
75875
77050
78281
78193
78086
78096
78009
78045
78159
78491
78365
77923
77871
77584
77477
77256
77197
77201
77387
77891
77970
78015
78014
77867
77974
77931
